K_TMP: 
19.19095077524523
12.516737361087463
9.26527592669321
7.700127369649827
6.785066441354149
6.412904161130463
6.2699634665166535
6.228099908469328
6.213190077540453
6.208898306557985
6.207392683971524
6.20696217039265
6.206811441574953
k_Rel:
17.851381249024925
11.976377812829947
9.002295678002353
7.556679007047142
6.721442035457835
6.393455474203871
6.2699634665166535
6.233824187793038
6.220978515014003
6.217285392475832
6.215990303496683
6.2156200348502555
6.215489437436163
k_UC:
17.85138124901244
11.97637781283198
9.00229567800078
7.556679007047668
6.721442035457751
6.3934554742038925
6.2699634665166535
6.233824187793038
6.2209785150139325
6.217285392475867
6.215990303496673
6.2156200361465865
6.2154904721050155
k_Rib_on:
30.0
30.0
30.0
30.0
9.552577137597401
6.9279897992692865
6.2699634665166535
6.320775766121598
6.633005978966968
7.420898156141465
10.872956304956176
18.707616426192416
zsh: killed
k_Rib_Step:
30.0
30.0
30.0
30.0
30.0
14.376994839776593
6.2699634665166535
3.664155818174413
2.48000908081443
1.9653885777802333
1.6561433636177108
1.4842840651620632
1.358716789106787
k_Cleav:
30.0
11.591030005322104
8.316880534913182
7.134587471479996
6.5618984691635385
6.3524228785113985
6.2699634665166535
6.245281792945117
6.236516771999052
6.234002583466447
6.233122066335102
6.232869284232836
6.232780978920021
h_pp1:
18.06422827874794
9.049422231076372
7.151650119178336
6.5735983032685725
6.35671754174346
6.292646582037334
6.2699634665166535
6.263456739816584
6.261176626689733
6.260524901888674
6.260296770393935
6.260231587347567
6.260208773012903
k_RdRp_on:
30.0
30.0
30.0
30.0
17.995291068118895
8.485841209340542
6.2699634665166535
5.380286699374121
4.854235499233809
4.5693468558091155
4.372309582458306
4.255264870003325
^CTraceback (most recent call last):
h_RdRp:
30.0
30.0
30.0
30.0
8.548700378175777
6.682764487137925
6.2699634665166535
6.168472960451468
6.134535259166306
6.124985729633422
6.121658689147964
6.120709558824682
6.120377515628036
k_RdRp_Step:
30.0
30.0
29.2692027942303
18.559323075881842
12.115583667961609
8.59747749007558
6.2699634665166535
5.02864096343519
4.25568648310855
3.897434758552215
3.7198270796427173
3.653629932292913
3.6253134648959167
k_NCap:
8.400492502837004
7.21662732004768
6.566368159926942
6.3410467131830615
6.286276608924821
6.274337066122893
6.2699634665166535
6.268441403880024
6.267711639661981
6.267338478245953
6.26699520372121
6.266723153530651
6.266826061708949
k_Bud:
9.41819732378913
8.10201424981289
7.227315552783162
6.7660173193394035
6.48307230619504
6.344978303227522
6.2699634665166535
6.240585409067065
6.228498100228279
6.22478305078974
6.223443559513118
6.223054250240299
6.222916288265282
h_SP:
